33,107
33,106
33,105
33,104
33,103
33,102
33,101
33,100
33,99
33,98
33,97
33,96
33,95
33,94
33,93
33,92
33,91
33,90
33,89
33,88
33,87
33,84
33,83
33,82
33,81
33,79
0,390
0,528
60,36
60,35
33,1
33,75
10,11
10,91
10,189
10,13
10,237
11,9
11,13
9,2
9,3
8,10
8,7
8,6
8,18
8,4
8,2
8,3
12,2
12,1
12,3
46,4
46,3
46,2
46,1
46,0
45,6
45,5
45,4
45,3
45,2
45,1
45,0
44,3
44,2
44,1
44,0
43,7
43,6
43,5
43,4
43,3
43,2
43,1
43,0
42,5
42,4
42,3
42,2
42,1
42,0
41,5
41,4
41,3
41,2
41,1
41,0
40,5
40,4
40,3
40,2
40,1
40,0
39,3
39,2
39,1
39,0
38,3
38,2
38,1
38,0
37,3
37,2
37,1
37,0
36,8
36,7
36,6
36,5
36,1
36,4
36,3
20,2
36,2
35,81
35,80
20,1
35,79
35,78
35,77
35,76
35,75
35,74
35,73
35,72
20,3
35,71
35,70
35,69
35,68
35,67
35,66
35,65
35,64
35,39
35,38
35,37
35,1
35,36
35,35
34,25
34,24
34,23
34,22
34,20
34,19
34,18
34,14
34,1
34,11
33,76
33,11
33,10
25,9
25,8
19,3
